№ 1 0,0; 1,2; 3,4; 5,6; 7,8
№ 2 10,5; 12,8; 15,10; 18,12
№ 3 0,0; 2,1; 4,2; 6,3; 8,4; 10,5
№ 4 100,100; 150,120; 200,140; 250,160
№ 5 3,3; 5,7; 8,10; 12,15; 17,21
№ 6 0,0; 0,5; 0,10; 0,15; 0,20
№ 7 50,50; 55,55; 60,60; 65,65; 70,70
№ 8 1,1; 2,4; 3,9; 4,16; 5,25
№ 9 1000,1000; 950,900; 900,800; 850,700
№ 10 5,5; 10,10; 15,15; 20,20; 25,25; 30,30
№ 11 7,2; 9,5; 11,8; 13,11; 15,14
№ 12 30,30; 28,25; 26,20; 24,15; 22,10
№ 13 0,10; 2,8; 4,6; 6,4; 8,2; 10,0
№ 14 123,456; 234,567; 345,678; 456,789
№ 15 1,1; 3,2; 5,3; 7,4; 9,5; 11,6